	0.1			0.2			0.3			0.4			0.5			0.6			0.7			0.8			0.9			1
0	0.083333	0.083333	0.083333	0.083333	0.083333	0.083333	0.333333	0.333333	0.333333	0.333333
1	0.083333	0.083333	0.083333	0.083333	0.083333	0.083333	0.083333	0.083333	0.083333	0.083333
2	0.083333	0.083333	0.083333	0.083333	0.083333	0.083333	0.083333	0.083333	0.083333	0.083333
3	0.333333	0.333333	0.333333	0.333333	0.333333	1			1			1			1			1
4	0.037037	0.037037	0.111111	0.333333	1			0.333333	0.083333	0.111111	0.037037	0.037037
5	0.037037	0.037037	0.037037	0.037037	0.037037	0.037037	0.037037	0.037037	0.111111	0.111111
6	0.111111	0.111111	0.037037	0.037037	0.037037	0.037037	0.037037	0.037037	0.037037	0.037037
7	0.111111	0.111111	0.111111	0.111111	0.111111	0.111111	0.111111	0.083333	0.083333	0.083333
8	0.333333	0.333333	0.333333	0.111111	0.111111	0.111111	0.111111	0.111111	0.111111	0.111111
9	1			1			1			1			0.333333	0.333333	0.333333	0.333333	0.333333	0.333333