0       1
1       0.0277778
2       0.25
3       0.25
4       0.0833333
5       0.0833333
6       0.0833333
7       0.0833333
8       0.0277778
9       0.25

0       0.25
1       0.25
2       0.0833333
3       0.25
4       0.0833333
5       0.125
6       0.0416667
7       0.0416667
8       0.125
9       1

0       0.0123457
1       0.111111
2       0.333333
3       0.037037
4       0.111111
5       1
6       0.037037
7       0.0123457
8       0.333333
9       0.0555556

0       0.333333
1       0.037037
2       0.111111
3       0.037037
4       1
5       0.333333
6       0.037037
7       0.166667
8       0.037037
9       0.111111

0       0.111111
1       0.037037
2       0.037037
3       1
4       0.333333
5       0.111111
6       0.111111
7       0.0555556
8       0.333333
9       0.111111

0       0.0625
1       0.25
2       0.25
3       0.25
4       0.0625
5       0.125
6       1
7       0.0625
8       0.0833333
9       0.0833333

0       0.2
1       0.2
2       0.1
3       0.0666667
4       0.0666667
5       0.2
6       0.0222222
7       1
8       0.2
9       0.0222222

0       0.0833333
1       0.0666667
2       1
3       0.0833333
4       0.0666667
5       0.0666667
6       0.333333
7       0.333333
8       0.0666667
9       0.0833333

0       0.111111
1       1
2       0.0277778
3       0.0277778
4       0.111111
5       0.111111
6       0.333333
7       0.333333
8       0.0277778
9       0.111111

0       0.0625
1       0.25
2       0.0833333
3       0.25
4       0.0625
5       0.125
6       0.0625
7       0.25
8       1
9       0.0833333